[594790.343528] [AOA] Measurement: 0,1619637968.974348,48:8f:5a:df:02:3b,2,1,6553600,2,0
[594790.863943] [AOA] Measurement: -62,1619637969.494660,00:00:00:00:00:00,0,0,0,0,0
[594791.414146] [AOA] Measurement: -62,1619637970.044859,00:00:00:00:00:00,0,0,0,0,0
[594791.653964] [AOA] Measurement: -16,1619637970.284680,00:00:00:00:00:00,0,0,0,0,0
[594791.883921] [AOA] Measurement: -16,1619637970.514637,00:00:00:00:00:00,0,0,0,0,0
[594792.124167] [AOA] Measurement: -16,1619637970.754877,00:00:00:00:00:00,0,0,0,0,0
[594792.363936] [AOA] Measurement: -16,1619637970.994648,00:00:00:00:00:00,0,0,0,0,0
[594792.763905] [AOA] Measurement: -16,1619637971.394614,00:00:00:00:00:00,0,0,0,0,0
[594793.003881] [AOA] Measurement: -16,1619637971.634596,00:00:00:00:00:00,0,0,0,0,0
[594793.244156] [AOA] Measurement: -16,1619637971.874871,00:00:00:00:00:00,0,0,0,0,0
[594793.483884] [AOA] Measurement: -16,1619637972.114599,00:00:00:00:00:00,0,0,0,0,0
[594793.883955] [AOA] Measurement: -16,1619637972.514667,00:00:00:00:00:00,0,0,0,0,0
[594794.113881] [AOA] Measurement: -16,1619637972.744594,00:00:00:00:00:00,0,0,0,0,0
[594794.343874] [AOA] Measurement: -16,1619637972.974590,00:00:00:00:00:00,0,0,0,0,0
[594794.583952] [AOA] Measurement: -16,1619637973.214664,00:00:00:00:00:00,0,0,0,0,0
[594794.993857] [AOA] Measurement: -16,1619637973.624574,00:00:00:00:00:00,0,0,0,0,0
[594795.233919] [AOA] Measurement: -16,1619637973.864633,00:00:00:00:00:00,0,0,0,0,0
[594795.473870] [AOA] Measurement: -16,1619637974.104586,00:00:00:00:00:00,0,0,0,0,0
[594795.713955] [AOA] Measurement: -16,1619637974.344668,00:00:00:00:00:00,0,0,0,0,0
[594796.124082] [AOA] Measurement: -16,1619637974.754797,00:00:00:00:00:00,0,0,0,0,0
[594796.353876] [AOA] Measurement: -16,1619637974.984593,00:00:00:00:00:00,0,0,0,0,0
[594796.583965] [AOA] Measurement: -16,1619637975.214680,00:00:00:00:00:00,0,0,0,0,0
[594796.823969] [AOA] Measurement: -16,1619637975.454685,00:00:00:00:00:00,0,0,0,0,0
[594797.223849] [AOA] Measurement: -16,1619637975.854567,00:00:00:00:00:00,0,0,0,0,0
[594797.453882] [AOA] Measurement: -16,1619637976.084595,00:00:00:00:00:00,0,0,0,0,0
[594797.693871] [AOA] Measurement: -16,1619637976.324585,00:00:00:00:00:00,0,0,0,0,0
[594797.933974] [AOA] Measurement: -16,1619637976.564689,00:00:00:00:00:00,0,0,0,0,0
[594798.343891] [AOA] Measurement: -16,1619637976.974607,00:00:00:00:00:00,0,0,0,0,0
[594798.583879] [AOA] Measurement: -16,1619637977.214592,00:00:00:00:00:00,0,0,0,0,0
[594798.813874] [AOA] Measurement: -16,1619637977.444587,00:00:00:00:00:00,0,0,0,0,0
[594799.054291] [AOA] Measurement: -16,1619637977.685006,00:00:00:00:00:00,0,0,0,0,0
[594799.463848] [AOA] Measurement: -16,1619637978.094561,00:00:00:00:00:00,0,0,0,0,0
[594799.703976] [AOA] Measurement: -16,1619637978.334689,00:00:00:00:00:00,0,0,0,0,0
[594799.933879] [AOA] Measurement: -16,1619637978.564592,00:00:00:00:00:00,0,0,0,0,0
[594800.163896] [AOA] Measurement: -16,1619637978.794612,00:00:00:00:00:00,0,0,0,0,0
[594800.563847] [AOA] Measurement: -16,1619637979.194561,00:00:00:00:00:00,0,0,0,0,0
[594800.803870] [AOA] Measurement: -16,1619637979.434581,00:00:00:00:00:00,0,0,0,0,0
[594801.033858] [AOA] Measurement: -16,1619637979.664574,00:00:00:00:00:00,0,0,0,0,0
[594801.264123] [AOA] Measurement: -16,1619637979.894837,00:00:00:00:00:00,0,0,0,0,0
[594801.663859] [AOA] Measurement: -16,1619637980.294573,00:00:00:00:00:00,0,0,0,0,0
[594801.893876] [AOA] Measurement: -16,1619637980.524590,00:00:00:00:00:00,0,0,0,0,0
[594802.133867] [AOA] Measurement: -16,1619637980.764582,00:00:00:00:00:00,0,0,0,0,0
[594802.373914] [AOA] Measurement: -16,1619637981.004628,00:00:00:00:00:00,0,0,0,0,0
[594802.783899] [AOA] Measurement: -16,1619637981.414610,00:00:00:00:00:00,0,0,0,0,0
[594803.023873] [AOA] Measurement: -16,1619637981.654585,00:00:00:00:00:00,0,0,0,0,0
[594803.263880] [AOA] Measurement: -16,1619637981.894594,00:00:00:00:00:00,0,0,0,0,0
[594803.503920] [AOA] Measurement: -16,1619637982.134635,00:00:00:00:00:00,0,0,0,0,0
[594803.903892] [AOA] Measurement: -16,1619637982.534606,00:00:00:00:00:00,0,0,0,0,0
[594804.153926] [AOA] Measurement: -16,1619637982.784641,00:00:00:00:00:00,0,0,0,0,0
[594804.393982] [AOA] Measurement: -16,1619637983.024694,00:00:00:00:00:00,0,0,0,0,0
[594804.633909] [AOA] Measurement: -16,1619637983.264623,00:00:00:00:00:00,0,0,0,0,0
[594805.043915] [AOA] Measurement: -16,1619637983.674628,00:00:00:00:00:00,0,0,0,0,0
[594805.284118] [AOA] Measurement: -16,1619637983.914832,00:00:00:00:00:00,0,0,0,0,0
[594805.523926] [AOA] Measurement: -16,1619637984.154639,00:00:00:00:00:00,0,0,0,0,0
[594805.763901] [AOA] Measurement: -16,1619637984.394618,00:00:00:00:00:00,0,0,0,0,0
[594806.163870] [AOA] Measurement: -16,1619637984.794583,00:00:00:00:00:00,0,0,0,0,0
[594806.393949] [AOA] Measurement: -16,1619637985.024662,00:00:00:00:00:00,0,0,0,0,0
[594806.633872] [AOA] Measurement: -16,1619637985.264589,00:00:00:00:00:00,0,0,0,0,0
[594806.864581] [AOA] Measurement: -16,1619637985.495296,00:00:00:00:00:00,0,0,0,0,0
[594807.263847] [AOA] Measurement: -16,1619637985.894563,00:00:00:00:00:00,0,0,0,0,0
[594807.494167] [AOA] Measurement: -16,1619637986.124883,00:00:00:00:00:00,0,0,0,0,0
[594807.723926] [AOA] Measurement: -16,1619637986.354641,00:00:00:00:00:00,0,0,0,0,0
[594807.963914] [AOA] Measurement: -16,1619637986.594626,00:00:00:00:00:00,0,0,0,0,0
[594808.363848] [AOA] Measurement: -16,1619637986.994566,00:00:00:00:00:00,0,0,0,0,0
[594808.604113] [AOA] Measurement: -16,1619637987.234829,00:00:00:00:00:00,0,0,0,0,0
[594808.843867] [AOA] Measurement: -16,1619637987.474581,00:00:00:00:00:00,0,0,0,0,0
[594809.083925] [AOA] Measurement: -16,1619637987.714642,00:00:00:00:00:00,0,0,0,0,0
[594809.483845] [AOA] Measurement: -16,1619637988.114558,00:00:00:00:00:00,0,0,0,0,0
[594809.713964] [AOA] Measurement: -16,1619637988.344680,00:00:00:00:00:00,0,0,0,0,0
[594809.953872] [AOA] Measurement: -16,1619637988.584584,00:00:00:00:00:00,0,0,0,0,0
[594810.193926] [AOA] Measurement: -16,1619637988.824639,00:00:00:00:00:00,0,0,0,0,0
[594810.593901] [AOA] Measurement: -16,1619637989.224614,00:00:00:00:00:00,0,0,0,0,0
[594810.823875] [AOA] Measurement: -16,1619637989.454591,00:00:00:00:00:00,0,0,0,0,0
[594811.063872] [AOA] Measurement: -16,1619637989.694586,00:00:00:00:00:00,0,0,0,0,0
[594811.303946] [AOA] Measurement: -16,1619637989.934660,00:00:00:00:00:00,0,0,0,0,0
[594811.703847] [AOA] Measurement: -16,1619637990.334559,00:00:00:00:00:00,0,0,0,0,0
[594811.934132] [AOA] Measurement: -16,1619637990.564843,00:00:00:00:00:00,0,0,0,0,0
[594812.174152] [AOA] Measurement: -16,1619637990.804865,00:00:00:00:00:00,0,0,0,0,0
[594812.413958] [AOA] Measurement: -16,1619637991.044669,00:00:00:00:00:00,0,0,0,0,0
[594812.813848] [AOA] Measurement: -16,1619637991.444564,00:00:00:00:00:00,0,0,0,0,0
[594813.043876] [AOA] Measurement: -16,1619637991.674591,00:00:00:00:00:00,0,0,0,0,0
[594813.284169] [AOA] Measurement: -16,1619637991.914882,00:00:00:00:00:00,0,0,0,0,0
[594813.523902] [AOA] Measurement: -16,1619637992.154614,00:00:00:00:00:00,0,0,0,0,0
[594813.923973] [AOA] Measurement: -16,1619637992.554684,00:00:00:00:00:00,0,0,0,0,0
[594814.154134] [AOA] Measurement: -16,1619637992.784846,00:00:00:00:00:00,0,0,0,0,0
[594814.393977] [AOA] Measurement: -16,1619637993.024690,00:00:00:00:00:00,0,0,0,0,0
[594814.623920] [AOA] Measurement: -16,1619637993.254629,00:00:00:00:00:00,0,0,0,0,0
[594815.023848] [AOA] Measurement: -16,1619637993.654564,00:00:00:00:00:00,0,0,0,0,0
[594815.253922] [AOA] Measurement: -16,1619637993.884636,00:00:00:00:00:00,0,0,0,0,0
[594815.494333] [AOA] Measurement: -16,1619637994.125044,00:00:00:00:00:00,0,0,0,0,0
[594815.733827] [AOA] Measurement: -16,1619637994.364541,00:00:00:00:00:00,0,0,0,0,0
[594816.133848] [AOA] Measurement: -16,1619637994.764564,00:00:00:00:00:00,0,0,0,0,0
[594816.363884] [AOA] Measurement: -16,1619637994.994596,00:00:00:00:00:00,0,0,0,0,0
[594816.604195] [AOA] Measurement: -16,1619637995.234908,00:00:00:00:00:00,0,0,0,0,0
